%YAML:1.0
---
K: !!opencv-matrix
   rows: 3
   cols: 3
   dt: d
   data: [ 5.0736917076354572e+01, 0., 3.9004392733023496e+02, 0.,
       4.7491283082275743e+01, 3.7498283380639361e+02, 0., 0., 1. ]
D: !!opencv-matrix
   rows: 1
   cols: 5
   dt: d
   data: [ -6.1875566103923476e-04, -2.6531562211889067e-05,
       3.9856514646759828e-04, 2.7676458527162574e-03,
       2.5155884631073823e-07 ]
